
===========================
 Trial
Initial parameters [-2.156295    1.22293951  1.61822637 -1.46284352 -0.62010173 -0.49441713
 -1.02252329 -2.47968028 -0.93603964 -1.11200937  0.29505334  2.13425867
  1.79621331 -0.17345357 -0.42283741  0.18290883  0.02538841 -0.46426499
  0.04126522  1.73801126]
Best parameters [-1.82832968e+00  1.57145461e+00  4.66429045e-03 -1.75892106e+00
 -1.80756573e+00  1.57030937e+00 -3.34610578e+00  2.09430965e-03
 -1.51884265e+00 -1.56990384e+00  5.51306756e-03  1.13110500e+00
  1.75224919e+00 -1.56969474e+00 -2.37729946e+00  1.57216121e+00
  7.72048783e-04 -1.31911212e+00  4.12652201e-02  1.73801126e+00]