
===========================
 Trial
Initial parameters [-2.156295    1.22293951  1.61822637 -1.46284352 -0.62010173 -0.49441713
 -1.02252329 -2.47968028 -0.93603964 -1.11200937  0.29505334  2.13425867
  1.79621331 -0.17345357 -0.42283741  0.18290883  0.02538841 -0.46426499
  0.04126522  1.73801126 -0.8939541  -0.58776342  0.45774239  0.16849068
 -0.49438785 -0.75265149 -0.01269967 -0.46965111 -1.93185889  1.69364167
 -0.67833189  0.872992   -0.64363982 -1.55513697  1.46886039 -0.61569444]
Best parameters <tf.Variable 'Variable:0' shape=(36,) dtype=float64, numpy=
array([-2.05836252,  1.18724412,  1.68923038, -1.3283241 , -0.52987601,
       -0.42505576, -1.00404312, -2.36980117, -1.02283856, -1.09387116,
        0.20807146,  2.2548586 ,  1.8943547 , -0.29302686, -0.5057569 ,
        0.14304046,  0.1249915 , -0.59556285, -0.03680316,  1.68279547,
       -0.79807639, -0.5358867 ,  0.38556787,  0.08965638, -0.39997496,
       -0.68821341,  0.08325455, -0.55485741, -1.82434755,  1.72836332,
       -0.745039  ,  0.7714898 , -0.55012267, -1.67886464,  1.46886039,
       -0.61569444])>