
===========================
 Trial
Initial parameters [-2.156295    1.22293951  1.61822637 -1.46284352 -0.62010173 -0.49441713
 -1.02252329 -2.47968028 -0.93603964 -1.11200937  0.29505334  2.13425867
  1.79621331 -0.17345357 -0.42283741  0.18290883  0.02538841 -0.46426499
  0.04126522  1.73801126 -0.8939541  -0.58776342  0.45774239  0.16849068
 -0.49438785 -0.75265149 -0.01269967 -0.46965111]
Best parameters [-3.81207623e+00  1.57149951e+00 -1.06990363e+00 -2.49755226e+00
 -4.98688943e+00  5.26461400e-04 -3.78070053e+00  2.82785981e+00
 -2.72577767e+00  2.26371042e-04  3.34766928e-01  1.31307406e+00
  3.16453208e+00  5.27692328e-04  3.37266291e+00 -1.51811129e+00
 -3.77207317e+00  6.55104668e-04  2.63820283e-01  2.06237078e+00
 -6.09521096e+00  7.40900890e-04  3.26806486e+00 -2.11720593e+00
 -1.14636924e+00 -1.57066172e+00 -1.26996677e-02 -4.69651108e-01]