
===========================
 Trial
Initial parameters [-2.156295    1.22293951  1.61822637 -1.46284352 -0.62010173 -0.49441713
 -1.02252329 -2.47968028 -0.93603964 -1.11200937  0.29505334  2.13425867
  1.79621331 -0.17345357 -0.42283741  0.18290883  0.02538841 -0.46426499
  0.04126522  1.73801126 -0.8939541  -0.58776342  0.45774239  0.16849068
 -0.49438785 -0.75265149 -0.01269967 -0.46965111 -1.93185889  1.69364167
 -0.67833189  0.872992   -0.64363982 -1.55513697  1.46886039 -0.61569444]
Best parameters [-1.54946083e+00  1.56589048e+00  3.01463349e-02 -1.59674264e+00
  2.74580309e+00  1.57395662e+00 -1.59919716e+00 -1.58457523e+00
 -4.22071888e-03 -1.65859268e+00 -1.59237381e+00  1.59771731e+00
  2.95913154e+00 -5.21045425e-02 -3.57436840e+00  1.47303249e+00
 -4.64366019e-03 -1.35598526e+00 -3.58217425e+00  3.22810155e+00
 -3.62939825e-03 -3.54968597e-01  3.09651715e+00 -1.63473572e-01
  3.11908080e-02 -7.35938376e-01  2.41519222e+00 -1.45203808e+00
  1.55407036e+00  3.10900931e+00 -1.11396713e+00  1.56569111e+00
 -7.05488035e-02 -6.66009622e+00  1.46886039e+00 -6.15694443e-01]