
===========================
 Trial
Initial parameters [-2.156295    1.22293951  1.61822637 -1.46284352 -0.62010173 -0.49441713
 -1.02252329 -2.47968028 -0.93603964 -1.11200937  0.29505334  2.13425867
  1.79621331 -0.17345357 -0.42283741  0.18290883  0.02538841 -0.46426499
  0.04126522  1.73801126 -0.8939541  -0.58776342  0.45774239  0.16849068]
Best parameters <tf.Variable 'Variable:0' shape=(24,) dtype=float64, numpy=
array([-2.05942425,  1.12975987,  1.51987889, -1.34744427, -0.53102811,
       -0.40341071, -1.11369549, -2.45799088, -1.0272161 , -1.01670768,
        0.19913988,  2.22575371,  1.88929783, -0.08608115, -0.34509523,
        0.09076645,  0.11531489, -0.37860807,  0.13162332,  1.64410466,
       -0.80006521, -0.49748069,  0.45774239,  0.16849068])>