
===========================
 Trial
Initial parameters [-2.156295    1.22293951  1.61822637 -1.46284352 -0.62010173 -0.49441713
 -1.02252329 -2.47968028]
Best parameters [-1.16474541e+00  1.57085650e+00  2.32983409e+00 -1.32865674e-05
 -1.16480062e+00 -1.57086071e+00 -1.02252329e+00 -2.47968028e+00]
===========================
 Trial
Initial parameters [-2.156295    1.22293951  1.61822637 -1.46284352 -0.62010173 -0.49441713
 -1.02252329 -2.47968028]
Best parameters [-1.16474541e+00  1.57085650e+00  2.32983409e+00 -1.32865674e-05
 -1.16480062e+00 -1.57086071e+00 -1.02252329e+00 -2.47968028e+00]