
===========================
 Trial
Initial parameters [-2.156295    1.22293951  1.61822637 -1.46284352 -0.62010173 -0.49441713
 -1.02252329 -2.47968028 -0.93603964 -1.11200937  0.29505334  2.13425867
  1.79621331 -0.17345357 -0.42283741  0.18290883  0.02538841 -0.46426499
  0.04126522  1.73801126 -0.8939541  -0.58776342  0.45774239  0.16849068
 -0.49438785 -0.75265149 -0.01269967 -0.46965111]
Best parameters <tf.Variable 'Variable:0' shape=(28,) dtype=float64, numpy=
array([-2.07784020e+00,  1.12402116e+00,  1.52523896e+00, -1.37359391e+00,
       -5.31871139e-01, -3.91449821e-01, -1.12591702e+00, -2.57464461e+00,
       -1.05198620e+00, -1.01943066e+00,  1.78155620e-01,  2.23536246e+00,
        1.72605154e+00, -9.53396278e-02, -5.06719059e-01,  1.01410847e-01,
        2.51096764e-03, -3.77525055e-01, -5.01467664e-02,  1.75616655e+00,
       -9.05194995e-01, -4.74529988e-01,  3.79918834e-01,  7.36107762e-02,
       -4.76853256e-01, -6.29951276e-01, -1.26996677e-02, -4.69651108e-01])>