
===========================
 Trial
Initial parameters [-2.156295    1.22293951  1.61822637 -1.46284352 -0.62010173 -0.49441713
 -1.02252329 -2.47968028 -0.93603964 -1.11200937  0.29505334  2.13425867
  1.79621331 -0.17345357 -0.42283741  0.18290883  0.02538841 -0.46426499
  0.04126522  1.73801126 -0.8939541  -0.58776342  0.45774239  0.16849068
 -0.49438785 -0.75265149 -0.01269967 -0.46965111]
Best parameters [-1.00220426 -0.80524457  2.97046971 -1.32941032  0.31422466 -0.75997432
 -3.28314258 -2.68942624  0.87498116 -1.93629268 -1.4861864   1.40731952
  1.47638307  1.15635731 -2.51599169 -0.79520994  2.28289856  1.33498582
  0.84437721  0.92316072 -1.68452756  1.61773487 -1.37862784 -1.80468836
 -0.64409411 -4.48649907 -0.01269967 -0.46965111]