
===========================
 Trial
Initial parameters [-2.156295    1.22293951  1.61822637 -1.46284352 -0.62010173 -0.49441713
 -1.02252329 -2.47968028 -0.93603964 -1.11200937  0.29505334  2.13425867
  1.79621331 -0.17345357 -0.42283741  0.18290883  0.02538841 -0.46426499
  0.04126522  1.73801126 -0.8939541  -0.58776342  0.45774239  0.16849068
 -0.49438785 -0.75265149 -0.01269967 -0.46965111 -1.93185889  1.69364167
 -0.67833189  0.872992   -0.64363982 -1.55513697  1.46886039 -0.61569444]
Best parameters [-3.17026273  3.00299307  3.19844074 -1.10397981 -1.87877073 -0.71363211
 -2.25563681 -1.72450364 -3.36843819 -1.89777481 -1.38931312  4.75541915
  3.08134855  0.06270902 -1.19264194  1.84874659 -4.27692962 -2.12131495
 -2.33803847  1.02532322 -1.68765555  0.31748763  1.37255905 -1.06378358
  4.05353485  3.65119439  3.11243555 -0.36719336 -1.68588529  1.54909278
 -0.72312012  2.09602256 -2.02626349 -1.80862024  1.46886039 -0.61569444]