
===========================
 Trial
Initial parameters [-2.156295    1.22293951  1.61822637 -1.46284352 -0.62010173 -0.49441713
 -1.02252329 -2.47968028 -0.93603964 -1.11200937  0.29505334  2.13425867
  1.79621331 -0.17345357 -0.42283741  0.18290883  0.02538841 -0.46426499
  0.04126522  1.73801126 -0.8939541  -0.58776342  0.45774239  0.16849068
 -0.49438785 -0.75265149 -0.01269967 -0.46965111 -1.93185889  1.69364167
 -0.67833189  0.872992  ]
Best parameters [-3.04200673  1.94173594  2.57986924 -0.37377309  0.00772046 -0.57370265
 -3.57158422 -3.82762281 -0.73999374 -1.97815289 -1.98252735  2.00960162
  3.32218366 -1.72324187  1.30923781  1.7394367   2.71558351 -1.29221483
  1.37119637  1.75699657 -2.76336193  1.87905643 -1.50302232 -1.82836626
 -3.41878901 -0.95227104  1.01042567  0.83567172  2.49465917 -0.20533481
 -0.67833189  0.872992  ]