
===========================
 Trial
Initial parameters [-2.156295    1.22293951  1.61822637 -1.46284352 -0.62010173 -0.49441713
 -1.02252329 -2.47968028 -0.93603964 -1.11200937  0.29505334  2.13425867
  1.79621331 -0.17345357 -0.42283741  0.18290883  0.02538841 -0.46426499
  0.04126522  1.73801126 -0.8939541  -0.58776342  0.45774239  0.16849068
 -0.49438785 -0.75265149 -0.01269967 -0.46965111 -1.93185889  1.69364167
 -0.67833189  0.872992   -0.64363982 -1.55513697  1.46886039 -0.61569444
  0.42228686  0.86077111  0.62697406  0.56177533]
Best parameters [-0.54597083  0.87654723  6.32740659 -4.26568366 -0.75574494 -0.72256038
 -2.04489708 -4.10664401 -1.71324641 -1.70324743  0.34508976  1.87137046
 -0.76546182 -0.32411472 -5.47876556  3.79640593  0.29696511 -4.73583329
  4.22184234 -1.16316441 -1.70716    -1.66157265  1.45340675 -2.37455369
 -1.60093232  1.40342452  5.75903846 -3.23660946 -3.2312231   2.24517131
 -0.36926452  2.07563036 -2.26961362 -1.55515668 -0.51212003 -1.78888567
 -0.25334722 -0.15728172  0.62697406  0.56177533]