
===========================
 Trial
Initial parameters [-2.156295    1.22293951  1.61822637 -1.46284352 -0.62010173 -0.49441713
 -1.02252329 -2.47968028 -0.93603964 -1.11200937  0.29505334  2.13425867
  1.79621331 -0.17345357 -0.42283741  0.18290883  0.02538841 -0.46426499
  0.04126522  1.73801126 -0.8939541  -0.58776342  0.45774239  0.16849068
 -0.49438785 -0.75265149 -0.01269967 -0.46965111 -1.93185889  1.69364167
 -0.67833189  0.872992  ]
Best parameters [-0.27774259  2.24958898  3.1573328  -1.54780474 -1.96551465 -1.23776561
  0.60509512 -3.85229221  4.13775484 -2.97251492  0.19331386  2.78740374
  7.85055788 -3.07207062 -0.47363198 -1.68041625 -1.39380466 -1.54188292
  2.80620335  0.40266707 -0.60428578 -1.34720761  0.64219354 -1.31869727
 -2.53002193 -1.05096713 -0.59456885 -0.74963769 -0.65164324  1.81217869
 -0.67833189  0.872992  ]