
===========================
 Trial
Initial parameters [-2.156295    1.22293951  1.61822637 -1.46284352 -0.62010173 -0.49441713
 -1.02252329 -2.47968028 -0.93603964 -1.11200937  0.29505334  2.13425867
  1.79621331 -0.17345357 -0.42283741  0.18290883  0.02538841 -0.46426499
  0.04126522  1.73801126 -0.8939541  -0.58776342  0.45774239  0.16849068
 -0.49438785 -0.75265149 -0.01269967 -0.46965111 -1.93185889  1.69364167
 -0.67833189  0.872992  ]
Best parameters <tf.Variable 'Variable:0' shape=(32,) dtype=float64, numpy=
array([-2.23705244,  1.21148392,  1.50434908, -1.35376514, -0.52696708,
       -0.38594514, -1.10585885, -2.38158576, -0.86233131, -0.9960051 ,
        0.18823802,  2.24191453,  1.88667409, -0.28216013, -0.51308514,
        0.27582414,  0.11774244, -0.58777416, -0.0434239 ,  1.82823997,
       -0.91987278, -0.69695019,  0.33580577,  0.26676994, -0.58454022,
       -0.8744085 ,  0.0399966 , -0.35492697, -1.91545377,  1.59996829,
       -0.67833189,  0.872992  ])>