
===========================
 Trial
Initial parameters [-2.156295    1.22293951  1.61822637 -1.46284352 -0.62010173 -0.49441713
 -1.02252329 -2.47968028 -0.93603964 -1.11200937  0.29505334  2.13425867
  1.79621331 -0.17345357 -0.42283741  0.18290883  0.02538841 -0.46426499
  0.04126522  1.73801126 -0.8939541  -0.58776342  0.45774239  0.16849068
 -0.49438785 -0.75265149 -0.01269967 -0.46965111 -1.93185889  1.69364167
 -0.67833189  0.872992   -0.64363982 -1.55513697  1.46886039 -0.61569444
  0.42228686  0.86077111  0.62697406  0.56177533]
Best parameters [-1.69051927  2.07620238  3.52978394 -1.49682572 -0.91268958 -0.84709599
 -3.48528754 -2.64848771 -1.21857699 -1.40107715 -5.2477398   4.01457534
  2.17630516 -1.08206508  0.72513846 -1.56909769 -1.22799011  1.89111003
  1.95219282  0.06422227 -2.69830069 -2.16862659  1.69238839  1.09908826
 -1.79152392 -0.15385088  0.10166303 -1.12334038 -2.67102935  2.16112411
  0.66269222  1.82004353 -0.2721806  -1.33927982  1.84355451 -1.34566066
 -1.16375508 -0.42916149  0.62697406  0.56177533]