
===========================
 Trial
Initial parameters [-2.156295    1.22293951  1.61822637 -1.46284352 -0.62010173 -0.49441713
 -1.02252329 -2.47968028 -0.93603964 -1.11200937  0.29505334  2.13425867
  1.79621331 -0.17345357 -0.42283741  0.18290883  0.02538841 -0.46426499
  0.04126522  1.73801126]
Best parameters <tf.Variable 'Variable:0' shape=(20,) dtype=float64, numpy=
array([-2.19141949,  1.13321235,  1.53268182, -1.37114355, -0.63950486,
       -0.38813481, -1.11498798, -2.38594105, -0.98500968, -1.02703965,
        0.21016618,  2.22697094,  1.74054733, -0.22683155, -0.49681287,
        0.27600391,  0.09658159, -0.54722842,  0.04126522,  1.73801126])>