
===========================
 Trial
Initial parameters [-2.156295    1.22293951  1.61822637 -1.46284352 -0.62010173 -0.49441713
 -1.02252329 -2.47968028 -0.93603964 -1.11200937  0.29505334  2.13425867
  1.79621331 -0.17345357 -0.42283741  0.18290883  0.02538841 -0.46426499
  0.04126522  1.73801126 -0.8939541  -0.58776342  0.45774239  0.16849068]
Best parameters [-1.40025748  0.01126572  1.7862588  -1.55533796  0.00561077 -0.80624446
 -2.949536   -3.15876831 -0.01984243 -1.68374889 -2.46477538  1.58761185
  2.3427693   1.56200577  0.01004638 -1.96176594  1.33786289 -1.56858869
 -1.25461015  1.58443503 -0.00930109 -3.35066999  0.45774239  0.16849068]