
===========================
 Trial
Initial parameters [-2.156295    1.22293951  1.61822637 -1.46284352 -0.62010173 -0.49441713
 -1.02252329 -2.47968028 -0.93603964 -1.11200937  0.29505334  2.13425867
  1.79621331 -0.17345357 -0.42283741  0.18290883  0.02538841 -0.46426499
  0.04126522  1.73801126 -0.8939541  -0.58776342  0.45774239  0.16849068]
Best parameters [-0.51327922  0.92065828  3.413364   -3.66278098 -1.15101266 -1.48281382
 -3.45805378 -2.60207397 -1.39451133 -1.81707801 -1.6497514   1.95632408
 -1.53792772 -1.72519452  1.79364638  1.16916033 -3.43019997  0.68041902
 -0.59385171  1.36725834 -1.63126958 -1.61064503  0.45774239  0.16849068]