
===========================
 Trial
Initial parameters [-2.156295    1.22293951  1.61822637 -1.46284352 -0.62010173 -0.49441713
 -1.02252329 -2.47968028 -0.93603964 -1.11200937  0.29505334  2.13425867
  1.79621331 -0.17345357 -0.42283741  0.18290883  0.02538841 -0.46426499
  0.04126522  1.73801126]
Best parameters [ 0.44164599 -0.74042075  3.9448393  -1.17638675 -2.12894769 -2.37959126
 -1.34458094 -4.46178368 -1.56626269 -1.55621176 -2.05567448  2.15209647
  6.16380105  1.43885969  0.30978626  1.91557695  1.18462025  1.62289887
  0.04126522  1.73801126]