
===========================
 Trial
Initial parameters [-2.156295    1.22293951  1.61822637 -1.46284352 -0.62010173 -0.49441713
 -1.02252329 -2.47968028]
Best parameters [-1.30180720e+00 -8.42920663e-01  3.54831668e+00 -3.67716700e-05
 -1.24946106e+00  5.20914138e-01 -1.02252329e+00 -2.47968028e+00]
===========================
 Trial
Initial parameters [-2.156295    1.22293951  1.61822637 -1.46284352 -0.62010173 -0.49441713
 -1.02252329 -2.47968028]
Best parameters [-1.30180720e+00 -8.42920663e-01  3.54831668e+00 -3.67716700e-05
 -1.24946106e+00  5.20914138e-01 -1.02252329e+00 -2.47968028e+00]