
===========================
 Trial
Initial parameters [-2.156295    1.22293951  1.61822637 -1.46284352 -0.62010173 -0.49441713
 -1.02252329 -2.47968028 -0.93603964 -1.11200937  0.29505334  2.13425867
  1.79621331 -0.17345357 -0.42283741  0.18290883]
Best parameters <tf.Variable 'Variable:0' shape=(16,) dtype=float64, numpy=
array([-2.25306459,  1.12784993,  1.52475751, -1.36381263, -0.53481219,
       -0.55770968, -1.12028942, -2.37928914, -0.99893912, -1.01741494,
        0.20026258,  2.23071297,  1.87455932, -0.26710789, -0.42283741,
        0.18290883])>