
===========================
 Trial
Initial parameters [-2.156295    1.22293951  1.61822637 -1.46284352 -0.62010173 -0.49441713
 -1.02252329 -2.47968028 -0.93603964 -1.11200937  0.29505334  2.13425867
  1.79621331 -0.17345357 -0.42283741  0.18290883  0.02538841 -0.46426499
  0.04126522  1.73801126 -0.8939541  -0.58776342  0.45774239  0.16849068
 -0.49438785 -0.75265149 -0.01269967 -0.46965111 -1.93185889  1.69364167
 -0.67833189  0.872992   -0.64363982 -1.55513697  1.46886039 -0.61569444
  0.42228686  0.86077111  0.62697406  0.56177533]
Best parameters <tf.Variable 'Variable:0' shape=(40,) dtype=float64, numpy=
array([-2.25077664,  1.25623014,  1.70980409, -1.56513618, -0.53167158,
       -0.52837161, -1.11590742, -2.57859512, -0.8445261 , -1.22638637,
        0.2016186 ,  2.03837712,  1.70680692, -0.12253885, -0.29857505,
        0.06636662,  0.11291733, -0.35771718, -0.03428131,  1.8075476 ,
       -0.79039813, -0.48652569,  0.35482836,  0.06241867, -0.38021291,
       -0.65374523, -0.11793452, -0.57062326, -1.8240361 ,  1.79166955,
       -0.79110961,  0.7868713 , -0.52230269, -1.45259905,  1.37489647,
       -0.71436601,  0.34201757,  0.77802957,  0.62697406,  0.56177533])>